1102at508458	0	28.7	287.0
3184at508458	0	11.5	115.0
754at508458	0	41.0	410.0
2646at508458	0	21.3	213.0
693at508458	0	34.2	342.0
2387at508458	0	20.0	200.0
993at508458	0	31.1	311.0
3483at508458	0	17.4301326389	140
248at508458	0	57.4	574.0
100at508458	0	47.5	475.0
1630at508458	0	31.3	313.0
2578at508458	0	28.7	287.0
399at508458	0	47.4	474.0
1839at508458	0	28.3	283.0
633at508458	0	54.3	543.0
4002at508458	0	17.2709500111	172
1808at508458	0	27.6	276.0
3889at508458	0	11.7	117.0
1556at508458	0	32.5	325.0
2362at508458	0	15.1	151.0
252at508458	0	51.1	511.0
2337at508458	0	22.4	224.0
2349at508458	0	16.9	169.0
184at508458	0	64.3	643.0
493at508458	0	36.9	369.0
1742at508458	0	41.9	419.0
789at508458	0	30.4	304.0
3670at508458	0	19.7	197.0
2123at508458	0	17.5	175.0
3348at508458	0	10.8	108.0
3049at508458	0	25.2	252.0
2546at508458	0	21.5	215.0
3600at508458	0	17.8	178.0
2003at508458	0	29.1	291.0
3331at508458	0	9.7	97.0
2350at508458	0	20.2	202.0
312at508458	0	51.8	518.0
766at508458	0	34.8	348.0
3148at508458	0	25.3	253.0
451at508458	0	51.5	515.0
1947at508458	0	23.0	230.0
3930at508458	0	4.8	48.0
3851at508458	0	8.3	83.0
2585at508458	0	15.7	157.0
648at508458	0	53.2	532.0
2249at508458	0	23.6	236.0
2892at508458	0	15.9	159.0
1070at508458	0	26.9	269.0
1428at508458	0	22.1	221.0
2143at508458	0	28.0	280.0
2293at508458	0	25.8	258.0
2061at508458	0	21.3	213.0
3160at508458	0	16.5	165.0
504at508458	0	43.7	437.0
4073at508458	0	5.6	56.0
1610at508458	0	26.5	265.0
3755at508458	0	8.1	81.0
3024at508458	0	13.0	130.0
361at508458	0	50.9	509.0
1984at508458	0	18.0	180.0
1907at508458	0	27.6	276.0
3195at508458	0	15.9	159.0
1168at508458	0	30.3	303.0
515at508458	0	42.6	426.0
3782at508458	0	13.2	132.0
2987at508458	0	14.7	147.0
1082at508458	0	40.3	403.0
1419at508458	0	21.0	210.0
3932at508458	0	8.3	83.0
166at508458	0	64.0	640.0
1865at508458	0	31.4787270456	257
406at508458	0	50.7	507.0
2275at508458	0	24.4	244.0
2622at508458	0	16.5	165.0
2732at508458	0	24.5	245.0
3810at508458	0	4.8	48.0
3981at508458	0	4.8	48.0
2221at508458	0	26.0	260.0
289at508458	0	38.4	384.0
18at508458	0	92.7	927.0
2340at508458	0	29.1	291.0
1233at508458	0	34.7	347.0
1189at508458	0	24.6	246.0
2004at508458	0	30.7	307.0
1116at508458	0	70.3	703.0
3438at508458	0	18.7	187.0
698at508458	0	36.7	367.0
3451at508458	0	11.9	119.0
1098at508458	0	33.2	332.0
3964at508458	0	7.8	78.0
336at508458	0	40.5	405.0
222at508458	0	57.4	574.0
2056at508458	0	42.0	420.0
1798at508458	0	23.9	239.0
2262at508458	0	20.7	207.0
3114at508458	0	16.5	165.0
3733at508458	0	13.4	134.0
2174at508458	0	18.5	185.0
2at508458	0	92.2	922.0
2429at508458	0	22.6	226.0
1560at508458	0	26.3	263.0
306at508458	0	54.9	549.0
983at508458	0	37.1	371.0
78at508458	0	57.3	573.0
2135at508458	0	22.7	227.0
2175at508458	0	22.2	222.0
2946at508458	0	20.6	206.0
1900at508458	0	48.8	488.0
263at508458	0	49.0	490.0
1731at508458	0	23.4	234.0
1083at508458	0	48.2	482.0
746at508458	0	39.9	399.0
3409at508458	0	16.1435864855	153
3323at508458	0	13.4	134.0
610at508458	0	63.0	630.0
1906at508458	0	21.1	211.0
971at508458	0	27.8	278.0
3828at508458	0	10.6	106.0
4022at508458	0	4.7	47.0
2929at508458	0	14.6	146.0
734at508458	0	35.2	352.0
710at508458	0	32.2	322.0
1910at508458	0	22.5	225.0
1983at508458	0	17.0	170.0
1202at508458	0	32.6	326.0
2698at508458	0	23.8	238.0
881at508458	0	46.1	461.0
2137at508458	0	20.0	200.0
2018at508458	0	26.4	264.0
896at508458	0	27.4	274.0
121at508458	0	52.1	521.0
714at508458	0	36.0	360.0
752at508458	0	36.2	362.0
574at508458	0	44.2	442.0
2280at508458	0	30.3	303.0
3940at508458	0	10.8	108.0
2153at508458	0	31.6	316.0
4198at508458	0	4.8	48.0
920at508458	0	37.9	379.0
1145at508458	0	35.7	357.0
236at508458	0	57.6	576.0
3900at508458	0	7.3	73.0
3488at508458	0	12.9	129.0
1733at508458	0	18.5	185.0
2452at508458	0	19.5	195.0
2399at508458	0	37.9	379.0
654at508458	0	31.3	313.0
1129at508458	0	32.3	323.0
3382at508458	0	9.1	91.0
1482at508458	0	25.5	255.0
2297at508458	0	19.9	199.0
1470at508458	0	20.2	202.0
3287at508458	0	9.5	95.0
411at508458	0	47.2	472.0
581at508458	0	35.7	357.0
3283at508458	0	15.5	155.0
3574at508458	0	8.2	82.0
3746at508458	0	7.7	77.0
1330at508458	0	26.2	262.0
1812at508458	0	29.3	293.0
1210at508458	0	33.5	335.0
1412at508458	0	35.5	355.0
2605at508458	0	16.9	169.0
3867at508458	0	7.8	78.0
3969at508458	0	6.8	68.0
3329at508458	0	11.4	114.0
1077at508458	0	28.5	285.0
2722at508458	0	41.7	417.0
2346at508458	0	18.0	180.0
1385at508458	0	38.1	381.0
1526at508458	0	22.7	227.0
273at508458	0	41.5	415.0
2532at508458	0	29.3	293.0
1209at508458	0	34.5	345.0
2344at508458	0	18.0	180.0
1974at508458	0	18.4	184.0
2624at508458	0	22.4	224.0
1039at508458	0	31.1	311.0
3595at508458	0	9.8	98.0
3899at508458	0	11.6	116.0
3490at508458	0	22.0	220.0
3371at508458	0	12.7	127.0
3724at508458	0	13.1	131.0
1917at508458	0	20.0	200.0
2724at508458	0	15.5	155.0
1730at508458	0	33.0	330.0
1142at508458	0	30.2	302.0
2211at508458	0	16.8	168.0
1864at508458	0	22.2	222.0
2184at508458	0	18.0	180.0
2976at508458	0	11.6	116.0
196at508458	0	63.8	638.0
3480at508458	0	9.1	91.0
3767at508458	0	13.2	132.0
777at508458	0	28.9	289.0
1111at508458	0	42.5	425.0
659at508458	0	32.5	325.0
3806at508458	0	16.7914377274	103
1293at508458	0	26.8	268.0
463at508458	0	39.3	393.0
356at508458	0	45.3	453.0
3694at508458	0	6.7	67.0
126at508458	0	63.8	638.0
1579at508458	0	69.8283610004	318
1488at508458	0	26.2	262.0
1529at508458	0	25.1	251.0
2953at508458	0	33.2780493934	200
3688at508458	0	11.3	113.0
3342at508458	0	14.8	148.0
792at508458	0	35.6	356.0
726at508458	0	36.7	367.0
2481at508458	0	31.2	312.0
1280at508458	0	22.3	223.0
290at508458	0	46.4	464.0
828at508458	0	30.9	309.0
331at508458	0	59.6	596.0
387at508458	0	42.1	421.0
2695at508458	0	11.2	112.0
3467at508458	0	17.8	178.0
2627at508458	0	12.5	125.0
4017at508458	0	5.1	51.0
3787at508458	0	9.1	91.0
2193at508458	0	16.3	163.0
941at508458	0	31.7	317.0
1245at508458	0	46.9799349267	377
3455at508458	0	14.2	142.0
1750at508458	0	37.3	373.0
338at508458	0	42.5	425.0
707at508458	0	45.8	458.0
3001at508458	0	21.9	219.0
784at508458	0	38.0	380.0
1530at508458	0	46.6612176306	313
3906at508458	0	10.5	105.0
1989at508458	0	34.6	346.0
2335at508458	0	22.8	228.0
1697at508458	0	26.1	261.0
2453at508458	0	21.3	213.0
159at508458	0	49.1	491.0
3622at508458	0	16.4	164.0
2780at508458	0	16.4	164.0
3473at508458	0	8.8	88.0
3855at508458	0	16.6	166.0
2511at508458	0	28.6	286.0
1132at508458	0	24.2	242.0
1841at508458	0	35.9	359.0
1958at508458	0	23.5	235.0
74at508458	0	85.3	853.0
3014at508458	0	11.5	115.0
2753at508458	0	23.7	237.0
1020at508458	0	24.2	242.0
2290at508458	0	22.7	227.0
3465at508458	0	10.5	105.0
2426at508458	0	16.7	167.0
2274at508458	0	20.3	203.0
2333at508458	0	20.0	200.0
441at508458	0	39.1	391.0
2185at508458	0	14.9	149.0
3067at508458	0	13.9	139.0
1113at508458	0	42.4	424.0
3416at508458	0	12.2	122.0
1497at508458	0	19.5	195.0
2277at508458	0	24.1	241.0
81at508458	0	59.8	598.0
2028at508458	0	34.3	343.0
1915at508458	0	36.8	368.0
756at508458	0	34.8	348.0
2022at508458	0	25.5	255.0
715at508458	0	39.9	399.0
2483at508458	0	21.9	219.0
1934at508458	0	22.7	227.0
1085at508458	0	54.5	545.0
3317at508458	0	11.0	110.0
2930at508458	0	18.6	186.0
3423at508458	0	18.0	180.0
2029at508458	0	37.6	376.0
3525at508458	0	10.8	108.0
3018at508458	0	12.3	123.0
390at508458	0	35.9	359.0
3883at508458	0	7.2	72.0
1065at508458	0	29.4	294.0
1471at508458	0	25.3	253.0
4220at508458	0	6.9	69.0
2348at508458	0	19.2	192.0
957at508458	0	32.0	320.0
2552at508458	0	33.4	334.0
2903at508458	0	18.8948798228	175
1895at508458	0	25.1	251.0
141at508458	0	50.4	504.0
2751at508458	0	16.2	162.0
2067at508458	0	28.5	285.0
3307at508458	0	33.2747580579	159
2358at508458	0	22.3	223.0
3097at508458	0	19.2	192.0
2568at508458	0	13.5	135.0
2073at508458	0	26.1	261.0
70at508458	0	153.864165154	639
3420at508458	0	12.1	121.0
371at508458	0	52.3	523.0
3200at508458	0	11.3	113.0
3354at508458	0	26.0	260.0
491at508458	0	54.6	546.0
2581at508458	0	17.5	175.0
3897at508458	0	6.7	67.0
1033at508458	0	35.8	358.0
1137at508458	0	23.3	233.0
1367at508458	0	23.6	236.0
1725at508458	0	27.3	273.0
3521at508458	0	11.6	116.0
730at508458	0	27.2	272.0
2409at508458	0	17.3	173.0
2786at508458	0	19.8	198.0
2587at508458	0	21.8	218.0
1398at508458	0	28.3	283.0
3113at508458	0	12.7	127.0
2978at508458	0	12.1	121.0
2106at508458	0	31.7	317.0
2403at508458	0	18.3	183.0
3749at508458	0	5.8	58.0
1204at508458	0	45.1	451.0
3189at508458	0	17.7	177.0
2709at508458	0	24.0	240.0
2809at508458	0	20.5	205.0
1777at508458	0	19.9	199.0
3362at508458	0	17.6	176.0
377at508458	0	53.1	531.0
1221at508458	0	27.3	273.0
3218at508458	0	22.7	227.0
655at508458	0	32.4	324.0
2334at508458	0	24.2	242.0
845at508458	0	40.5	405.0
2232at508458	0	22.6	226.0
2099at508458	0	47.3	473.0
1372at508458	0	23.4	234.0
2041at508458	0	36.0	360.0
861at508458	0	35.2	352.0
3256at508458	0	21.2	212.0
916at508458	0	38.6	386.0
2162at508458	0	43.7	437.0
191at508458	0	53.7	537.0
1973at508458	0	22.9	229.0
2288at508458	0	23.1	231.0
1166at508458	0	31.4	314.0
151at508458	0	47.1	471.0
1173at508458	0	25.8	258.0
3288at508458	0	9.9	99.0
1184at508458	0	31.9	319.0
1410at508458	0	30.4	304.0
1418at508458	0	22.3	223.0
608at508458	0	43.0	430.0
2161at508458	0	25.4	254.0
943at508458	0	35.1	351.0
2862at508458	0	18.3	183.0
1118at508458	0	29.0	290.0
3804at508458	0	19.5	195.0
2394at508458	0	18.2	182.0
4115at508458	0	7.8	78.0
1405at508458	0	44.5	445.0
1259at508458	0	26.8	268.0
2314at508458	0	20.1	201.0
3225at508458	0	21.8	218.0
3496at508458	0	10.4	104.0
179at508458	0	57.3	573.0
3399at508458	0	16.5	165.0
1079at508458	0	31.4	314.0
2979at508458	0	17.8	178.0
1537at508458	0	22.4	224.0
2378at508458	0	20.4	204.0
167at508458	0	70.1	701.0
2972at508458	0	11.3	113.0
1986at508458	0	26.0	260.0
3821at508458	0	7.9	79.0
1787at508458	0	20.6	206.0
2716at508458	0	16.0	160.0
272at508458	0	45.4	454.0
65at508458	0	73.6	736.0
89at508458	0	54.5	545.0
3824at508458	0	18.3	183.0
3693at508458	0	11.9	119.0
1625at508458	0	25.5	255.0
1004at508458	0	29.2	292.0
723at508458	0	38.8	388.0
527at508458	0	34.7	347.0
2366at508458	0	25.2	252.0
3245at508458	0	26.1869861144	222
3002at508458	0	17.1	171.0
3576at508458	0	8.3	83.0
52at508458	0	74.7	747.0
1249at508458	0	30.0	300.0
552at508458	0	45.1	451.0
1861at508458	0	24.1	241.0
502at508458	0	38.3	383.0
739at508458	0	32.2	322.0
2524at508458	0	20.6	206.0
1078at508458	0	26.2	262.0
1354at508458	0	32.2	322.0
3242at508458	0	20.4	204.0
2993at508458	0	19.6	196.0
1339at508458	0	34.4	344.0
3549at508458	0	15.0	150.0
3123at508458	0	20.2	202.0
3130at508458	0	18.4	184.0
169at508458	0	51.9	519.0
2444at508458	0	17.8	178.0
182at508458	0	51.5	515.0
2822at508458	0	15.4	154.0
477at508458	0	34.9	349.0
671at508458	0	33.3	333.0
4095at508458	0	5.2	52.0
978at508458	0	29.5	295.0
2900at508458	0	18.4	184.0
1978at508458	0	34.8	348.0
490at508458	0	45.5	455.0
2791at508458	0	15.2	152.0
49at508458	0	79.5	795.0
3211at508458	0	12.9	129.0
2632at508458	0	18.5	185.0
3552at508458	0	20.9	209.0
1859at508458	0	37.1	371.0
216at508458	0	54.8	548.0
551at508458	0	40.0	400.0
2308at508458	0	53.7749277744	258
497at508458	0	34.9	349.0
2801at508458	0	17.7	177.0
190at508458	0	59.0	590.0
217at508458	0	58.9	589.0
258at508458	0	45.1	451.0
3158at508458	0	11.2	112.0
3084at508458	0	25.0	250.0
3080at508458	0	20.4	204.0
687at508458	0	29.5	295.0
3071at508458	0	11.2	112.0
2218at508458	0	20.7	207.0
2438at508458	0	24.7	247.0
3971at508458	0	6.1	61.0
301at508458	0	52.4	524.0
1964at508458	0	25.7	257.0
1386at508458	0	34.7	347.0
3175at508458	0	13.9	139.0
674at508458	0	29.7	297.0
4104at508458	0	7.8	78.0
2204at508458	0	22.3717508947	198
3118at508458	0	14.1	141.0
408at508458	0	36.6	366.0
2877at508458	0	10.6	106.0
3643at508458	0	7.9	79.0
4181at508458	0	7.0	70.0
3247at508458	0	14.1	141.0
801at508458	0	31.9	319.0
1935at508458	0	23.8	238.0
940at508458	0	34.0	340.0
2938at508458	0	19.6	196.0
1740at508458	0	28.1	281.0
2669at508458	0	19.2	192.0
2788at508458	0	15.0	150.0
2009at508458	0	20.3	203.0
2192at508458	0	21.9	219.0
1318at508458	0	36.9	369.0
603at508458	0	38.1	381.0
2083at508458	0	25.5	255.0
2601at508458	0	23.5853061601	210
2712at508458	0	14.9	149.0
4023at508458	0	11.0	110.0
1196at508458	0	30.7	307.0
3072at508458	0	9.9	99.0
3033at508458	0	12.3	123.0
2750at508458	0	26.0	260.0
2466at508458	0	15.5	155.0
1719at508458	0	24.2	242.0
2656at508458	0	16.0	160.0
2744at508458	0	18.5	185.0
1945at508458	0	32.1	321.0
499at508458	0	56.7	567.0
3764at508458	0	12.2	122.0
1632at508458	0	35.4	354.0
3298at508458	0	14.2	142.0
892at508458	0	30.0	300.0
2168at508458	0	27.6	276.0
459at508458	0	42.3	423.0
2264at508458	0	19.1	191.0
75at508458	0	74.8	748.0
1578at508458	0	28.0	280.0
1539at508458	0	32.6	326.0
1171at508458	0	35.6	356.0
3311at508458	0	15.2	152.0
2163at508458	0	22.4	224.0
626at508458	0	46.6	466.0
2209at508458	0	15.5	155.0
3920at508458	0	15.6	156.0
2025at508458	0	22.4	224.0
601at508458	0	50.5	505.0
2570at508458	0	15.6	156.0
3028at508458	0	10.1	101.0
2633at508458	0	25.2	252.0
1713at508458	0	27.0	270.0
3882at508458	0	6.9	69.0
540at508458	0	38.6	386.0
2005at508458	0	32.7	327.0
298at508458	0	60.6	606.0
850at508458	0	38.4	384.0
2442at508458	0	18.9	189.0
1038at508458	0	26.0	260.0
1296at508458	0	24.2	242.0
2273at508458	0	21.8	218.0
214at508458	0	57.9	579.0
304at508458	0	45.6	456.0
2717at508458	0	18.4	184.0
830at508458	0	37.4	374.0
1842at508458	0	26.0	260.0
3774at508458	0	16.9598966753	98
2345at508458	0	21.2	212.0
2799at508458	0	14.1	141.0
3592at508458	0	13.5	135.0
3433at508458	0	14.9	149.0
2854at508458	0	15.7	157.0
1229at508458	0	33.3	333.0
1417at508458	0	20.4	204.0
42at508458	0	68.7	687.0
4015at508458	0	6.3	63.0
1501at508458	0	33.5	335.0
3756at508458	0	8.4	84.0
611at508458	0	30.8132624507	298
2723at508458	0	19.0	190.0
2144at508458	0	40.1029124846	331
3601at508458	0	8.7	87.0
547at508458	0	38.2	382.0
1661at508458	0	25.0	250.0
32at508458	0	69.2	692.0
2272at508458	0	18.6	186.0
1968at508458	0	25.3	253.0
1443at508458	0	38.0	380.0
321at508458	0	66.1	661.0
969at508458	0	54.3	543.0
3167at508458	0	10.7	107.0
63at508458	0	74.5	745.0
2902at508458	0	12.8	128.0
1352at508458	0	26.1	261.0
3585at508458	0	14.5	145.0
1822at508458	0	28.0	280.0
3945at508458	0	9.6	96.0
1126at508458	0	21.0	210.0
761at508458	0	37.5	375.0
4034at508458	0	9.9	99.0
3392at508458	0	12.2	122.0
2838at508458	0	15.9	159.0
3937at508458	0	20.1	201.0
2281at508458	0	36.1	361.0
2808at508458	0	15.0	150.0
2963at508458	0	19.7	197.0
1at508458	0	135.1	1351.0
303at508458	0	43.0	430.0
1998at508458	0	18.6	186.0
677at508458	0	34.5	345.0
819at508458	0	40.1	401.0
2195at508458	0	24.2	242.0
1463at508458	0	29.6	296.0
3377at508458	0	15.0	150.0
1863at508458	0	22.5	225.0
4027at508458	0	5.8	58.0
1550at508458	0	28.8	288.0
851at508458	0	39.9	399.0
2889at508458	0	11.5	115.0
1034at508458	0	38.1	381.0
2577at508458	0	31.1	311.0
3663at508458	0	10.7	107.0
3941at508458	0	9.5	95.0
357at508458	0	51.2	512.0
912at508458	0	35.6	356.0
2008at508458	0	23.2	232.0
2878at508458	0	15.5	155.0
3836at508458	0	14.1	141.0
1790at508458	0	25.8	258.0
3453at508458	0	15.4	154.0
1267at508458	0	34.3	343.0
1776at508458	0	22.7	227.0
1553at508458	0	28.6	286.0
578at508458	0	50.3	503.0
2370at508458	0	24.5	245.0
1652at508458	0	53.2744913497	447
894at508458	0	31.2	312.0
2270at508458	0	48.1	481.0
1991at508458	0	28.1	281.0
664at508458	0	35.5	355.0
3938at508458	0	17.4	174.0
2100at508458	0	24.0	240.0
1373at508458	0	21.3	213.0
2968at508458	0	13.4	134.0
17at508458	0	77.3	773.0
69at508458	0	77.7	777.0
641at508458	0	39.9	399.0
2510at508458	0	30.8	308.0
640at508458	0	35.3	353.0
1996at508458	0	27.0	270.0
2302at508458	0	25.2	252.0
2531at508458	0	24.7	247.0
740at508458	0	36.0	360.0
2001at508458	0	17.7	177.0
1615at508458	0	34.0	340.0
1358at508458	0	23.0	230.0
3857at508458	0	11.4	114.0
992at508458	0	31.0	310.0
1075at508458	0	35.6	356.0
1818at508458	0	23.0	230.0
1604at508458	0	19.6	196.0
172at508458	0	55.3	553.0
3563at508458	0	13.1	131.0
977at508458	0	28.8	288.0
3772at508458	0	13.1	131.0
227at508458	0	47.4	474.0
3157at508458	0	15.6	156.0
405at508458	0	42.3	423.0
1011at508458	0	34.4	344.0
563at508458	0	36.8	368.0
2583at508458	0	29.7	297.0
1997at508458	0	18.6	186.0
3297at508458	0	11.6	116.0
2858at508458	0	14.2	142.0
3055at508458	0	17.5	175.0
1032at508458	0	34.4	344.0
908at508458	0	25.5	255.0
326at508458	0	38.4	384.0
1005at508458	0	33.4	334.0
3942at508458	0	5.4	54.0
438at508458	0	42.9	429.0
3535at508458	0	16.3176795736	156
2771at508458	0	21.9	219.0
4100at508458	0	5.5	55.0
2691at508458	0	18.3	183.0
2108at508458	0	26.9	269.0
1525at508458	0	18.8	188.0
437at508458	0	33.5	335.0
1324at508458	0	18.6	186.0
2666at508458	0	20.9	209.0
2501at508458	0	14.3	143.0
2323at508458	0	28.1169717887	168
2696at508458	0	14.9	149.0
2856at508458	0	14.0	140.0
3961at508458	0	5.3	53.0
400at508458	0	113.9	1139.0
1409at508458	0	25.3	253.0
2763at508458	0	19.1	191.0
2295at508458	0	26.0	260.0
40at508458	0	73.5	735.0
3400at508458	0	19.0	190.0
3004at508458	0	20.7	207.0
3425at508458	0	13.2	132.0
2811at508458	0	12.7	127.0
2883at508458	0	13.5	135.0
512at508458	0	62.4474636337	427
4160at508458	0	4.9	49.0
616at508458	0	40.3	403.0
3500at508458	0	10.9	109.0
3880at508458	0	7.4	74.0
3434at508458	0	15.1	151.0
4048at508458	0	9.5	95.0
2958at508458	0	27.3	273.0
